#rname	startpos	endpos	numreads	covbases	coverage	meandepth	meanbaseq	meanmapq
NC_080633.1	1	155447619	6828055	154400771	99.3266	10.1392	34.8	56.2
NC_080634.1	1	120722141	5353234	119591297	99.0633	10.294	34.8	54.3
NC_080635.1	1	115508148	4932928	114871502	99.4488	9.9319	34.8	57.8
NC_080636.1	1	76633907	3481013	76018660	99.1972	10.5007	34.8	53.1
NC_080637.1	1	74723840	3399360	74162498	99.2488	10.5412	34.8	53.9
NC_080638.1	1	65395694	3301532	64735925	98.9911	11.4795	34.8	48.9
NC_080639.1	1	40159020	1823883	39880884	99.3074	10.5731	34.9	54.9
NC_080640.1	1	39623761	2060949	39321833	99.238	11.9069	34.9	47.5
NC_080641.1	1	36565514	1964449	35461246	96.98	12.3449	34.9	48
NC_080642.1	1	27615464	1289623	27438205	99.3581	10.845	34.9	54.4
NC_080643.1	1	22630956	1190126	22479332	99.33	12.1647	34.9	50
NC_080644.1	1	22262677	1866155	20644846	92.733	18.7228	34.8	28.3
NC_080645.1	1	21551278	1026481	21435015	99.4605	11.0553	34.9	55.3
NC_080646.1	1	21049297	1054037	20955099	99.5525	11.6159	34.9	54.7
NC_080647.1	1	20566687	1051128	20491323	99.6336	11.8228	34.9	51.5
NC_080648.1	1	19511261	973409	19373613	99.2945	11.4972	34.9	52
NC_080649.1	1	18006652	971148	17942833	99.6456	12.499	34.9	51.2
NC_080650.1	1	14921164	709752	14836603	99.4333	10.9528	34.9	56
NC_080651.1	1	12555122	611879	12428616	98.9924	11.1508	34.9	55.1
NC_080652.1	1	12239593	630592	12170536	99.4358	11.4873	34.8	52.7
NC_080653.1	1	12036358	599046	11962040	99.3826	11.4224	34.9	52.9
NC_080654.1	1	9592563	530074	9446399	98.4763	12.5932	34.8	44.9
NC_080655.1	1	8416863	518024	8119308	96.4648	12.7173	34.2	39.4
NC_080656.1	1	8296844	420606	8194484	98.7663	11.4434	34.8	53.8
NC_080657.1	1	7670679	384275	7586878	98.9075	11.1876	34.8	53.9
NC_080658.1	1	7190956	407958	7065180	98.2509	11.8004	34.5	42.2
NC_080659.1	1	6772285	349784	6680255	98.6411	11.2646	34.7	48.2
NC_080660.1	1	6625760	435034	6437117	97.1529	12.7303	34.3	33.9
NC_080661.1	1	5159369	533874	4945774	95.8601	22.3307	34.9	26.7
NC_080662.1	1	4987572	246829	4881708	97.8774	10.6687	34.6	52.8
NC_080663.1	1	4462882	259353	4357309	97.6344	11.9295	34.7	35.1
NC_080664.1	1	3987155	233434	3764021	94.4037	11.8061	34.6	33.1
NC_080665.1	1	3511113	306088	3469169	98.8054	19.6731	34.9	22.6
NC_080666.1	1	2644149	317745	2544569	96.2339	23.9277	34.8	23.6
NC_080667.1	1	2575056	191393	2537549	98.5434	14.024	34.6	28.1
NC_080668.1	1	21546180	158431	3888549	18.0475	1.42741	34.8	13.8
NC_080669.1	1	89147626	4069618	86886426	97.4635	10.482	34.8	48.2
NW_026683182.1	1	233636	36442	226039	96.7484	34.9732	34.7	1.25
NW_026683183.1	1	222717	85358	221468	99.4392	86.6027	34.9	2.1
NW_026683184.1	1	210713	18436	203325	96.4938	19.7327	34.5	1.02
NW_026683185.1	1	28662	2517	28639	99.9198	20.1733	35	38
NW_026683186.1	1	991617	78337	984816	99.3142	16.8543	34.6	6.51
NW_026683187.1	1	4516909	1202480	4499502	99.6146	59.1964	34.5	3.91
NW_026683188.1	1	4117062	336778	3883067	94.3165	17.4813	34.5	16.7
NW_026683189.1	1	3129419	1069528	3117911	99.6323	76.7303	34.5	7.99
NW_026683190.1	1	2445016	340864	2425388	99.1972	30.7149	34.6	3.07
NW_026683191.1	1	2162463	549904	2155919	99.6974	55.7344	34.8	4.27
NW_026683192.1	1	2091851	241363	2045239	97.7717	26.4536	34.9	18.2
NW_026683193.1	1	2024811	159899	1982247	97.8979	17.874	34.9	15.3
NW_026683194.1	1	1508116	118131	1283854	85.1297	17.5708	34.5	3.52
NW_026683195.1	1	1446652	220956	1439070	99.4759	25.6327	32.6	2.69
NW_026683196.1	1	1315579	84115	1222880	92.9537	13.9158	34.6	14
NW_026683197.1	1	1181476	141771	1175353	99.4817	27.4684	34.6	2.09
NW_026683198.1	1	1067410	172813	1066007	99.8686	37.3432	34.6	3.73
NW_026683199.1	1	1037885	122592	1034302	99.6548	27.0655	34.6	1.93
NW_026683200.1	1	1022493	420565	1020732	99.8278	92.3199	35	1.43
NW_026683201.1	1	989550	123144	986153	99.6567	28.4798	34.6	2.21
NW_026683202.1	1	973116	74278	967261	99.3983	17.2489	34.6	2.63
NW_026683203.1	1	921264	55469	888865	96.4832	13.4726	34.5	3.42
NW_026683204.1	1	912953	50289	883015	96.7208	12.1953	34.4	2.45
NW_026683205.1	1	792231	49721	783533	98.9021	14.3096	34.6	4.32
NW_026683206.1	1	702247	89220	700826	99.7976	29.1355	34.6	1.92
NW_026683207.1	1	677195	198225	672551	99.3142	65.1199	35	3.91
NW_026683208.1	1	655782	41686	645638	98.4531	12.793	34.5	3.63
NW_026683209.1	1	588151	33901	571350	97.1434	12.8046	34.5	2.12
NW_026683210.1	1	581605	39657	578783	99.5148	15.3986	34.6	4
NW_026683211.1	1	532300	33693	521820	98.0312	14.3671	34.6	2.96
NW_026683212.1	1	526608	45583	521801	99.0872	19.7751	34.6	3.15
NW_026683213.1	1	486856	48544	479911	98.5735	22.2713	34.6	1.22
NW_026683214.1	1	481963	33668	474255	98.4007	14.5107	34.5	2.79
NW_026683215.1	1	451840	15625	394094	87.2198	7.17956	34.5	1.85
NW_026683216.1	1	398006	18693	387972	97.4789	10.4936	34.6	1.76
NW_026683217.1	1	395172	18133	381711	96.5936	10.0712	34.5	2.3
NW_026683218.1	1	390805	26782	387876	99.2505	14.9453	34.6	4.03
NW_026683219.1	1	387931	51414	384973	99.2375	30.5258	34.6	2.75
NW_026683220.1	1	307818	24283	306683	99.6313	17.8996	34.6	3.19
NW_026683221.1	1	242267	28115	239778	98.9726	26.254	34.6	2.3
