#rname	startpos	endpos	numreads	covbases	coverage	meandepth	meanbaseq	meanmapq
NC_080593.1	1	157152855	25241983	156781352	99.7636	23.7475	36	56.4
NC_080594.1	1	122006711	19691414	121770394	99.8063	23.8468	36	54.8
NC_080595.1	1	119294532	19593399	119109734	99.8451	24.242	36	54.4
NC_080596.1	1	78532051	13303011	78388170	99.8168	25.0233	36	50.9
NC_080597.1	1	78443464	13202635	78235638	99.7351	24.8511	36	51.5
NC_080598.1	1	66577810	11355355	66468296	99.8355	25.1623	36.1	52.3
NC_080599.1	1	48796610	8086317	46590218	95.4784	24.3435	36.1	42.8
NC_080600.1	1	44359421	8820479	44283241	99.8283	29.3101	36.1	42.3
NC_080601.1	1	39273983	7274664	39176704	99.7523	27.3158	36.1	49.1
NC_080602.1	1	28492116	5149657	28404390	99.6921	26.6256	36.1	40.1
NC_080603.1	1	28002281	4951954	27976332	99.9073	26.0847	36.1	52
NC_080604.1	1	22576299	3879157	22556511	99.9124	25.3391	36.1	55.9
NC_080605.1	1	22481186	4011804	22460689	99.9088	26.3288	36.1	52.2
NC_080606.1	1	20337689	3579402	20321905	99.9224	25.9631	36.1	55.3
NC_080607.1	1	19942864	4117533	19918791	99.8793	30.313	36.1	41.4
NC_080608.1	1	18829917	3268037	18794155	99.8101	25.5642	36.1	57
NC_080609.1	1	17718754	3419260	17697246	99.8786	28.4461	36.1	52
NC_080610.1	1	15993217	2856515	15975885	99.8916	26.1969	36	51.4
NC_080611.1	1	13147743	2438049	13101487	99.6482	27.2144	36	51.7
NC_080612.1	1	12882169	2507630	12866778	99.8805	28.6091	36.1	46.6
NC_080613.1	1	12454605	2354728	12242759	98.2991	27.7644	36	51.1
NC_080614.1	1	10553010	1952517	10514891	99.6388	27.0927	36	43.7
NC_080615.1	1	9378704	1789344	9217520	98.2814	27.9007	36	47.3
NC_080616.1	1	8927691	1765857	8662564	97.0303	28.2294	35.8	42.6
NC_080617.1	1	8120544	1451858	8098148	99.7242	26.0502	35.9	51.8
NC_080618.1	1	8025706	1493181	7913276	98.5991	26.9071	35.9	36
NC_080619.1	1	7633124	1459651	7593002	99.4744	27.6935	35.9	44.3
NC_080620.1	1	6574567	1213499	6549182	99.6139	26.7739	35.9	51.8
NC_080621.1	1	6473977	1118971	6382871	98.5927	24.4782	35.7	29.1
NC_080622.1	1	5774740	1098788	5726603	99.1664	27.1531	35.7	45.2
NC_080623.1	1	5330327	962315	5290087	99.2451	25.4677	35.6	43.2
NC_080624.1	1	4945601	907066	4917172	99.4252	24.8818	35.4	35.1
NC_080625.1	1	4849416	883919	4418535	91.1148	25.7253	35.7	39.1
NC_080626.1	1	4512749	932799	4096075	90.7667	29.0228	35.6	31.9
NC_080627.1	1	2596542	591543	2508286	96.601	30.6951	35.3	34.4
NW_026682903.1	1	51867	7654	51519	99.3291	19.0008	34.4	53.3
NW_026682904.1	1	41887	5226	39017	93.1482	15.5698	34.1	31.6
NC_080628.1	1	2074683	376740	2029188	97.8071	24.5301	35.1	44.8
NC_080629.1	1	1203310	191042	1174483	97.6044	20.5026	34.6	44.5
NC_080630.1	1	1088616	191177	1061914	97.5472	22.5526	34.6	43.4
NW_026682905.1	1	39931	6264	39316	98.4598	19.2789	34	40.2
NW_026682906.1	1	32408	4735	27789	85.7473	17.2573	33.8	39.2
NC_080631.1	1	884548	153240	868139	98.1449	22.9706	34.7	48.6
NC_080632.1	1	88477388	15221629	88026180	99.49	25.2951	36	47.4
NW_026682907.1	1	730054	348987	729828	99.969	70.7375	36.1	0.529
NW_026682908.1	1	659752	156733	629064	95.3486	33.7888	36	2.19
NW_026682909.1	1	610003	169944	608677	99.7826	40.8446	36	1.79
NW_026682910.1	1	516507	106790	516028	99.9073	30.4232	36	8.43
NW_026682911.1	1	503398	378791	485244	96.3937	112.207	36.2	0.451
NW_026682912.1	1	502746	358851	502634	99.9777	106.392	36.2	0.5
NW_026682913.1	1	502108	134826	498677	99.3167	38.5166	36	2.76
NW_026682914.1	1	496294	271061	376368	75.8357	81.1206	36.2	0.217
NW_026682915.1	1	496247	40810	467262	94.1592	11.884	35.9	0.651
NW_026682916.1	1	494937	98947	493283	99.6658	29.5471	36	1.51
NW_026682917.1	1	493150	164581	492446	99.8572	47.8151	36	2.64
NW_026682918.1	1	486754	116987	486016	99.8484	35.414	35.9	1.59
NW_026682919.1	1	482258	351522	481469	99.8364	108.407	36.1	0.3
NW_026682920.1	1	479995	328987	479615	99.9208	101.829	36.1	0.355
NW_026682921.1	1	455874	263131	455211	99.8546	85.6821	36.1	0.318
NW_026682922.1	1	447972	273744	447868	99.9768	90.6011	36	0.948
NW_026682923.1	1	447909	264875	447717	99.9571	87.8197	36.1	0.443
NW_026682924.1	1	443965	322762	442951	99.7716	106.342	36.1	0.295
NW_026682925.1	1	440460	404681	438734	99.6081	136.219	36	0.541
NW_026682926.1	1	424846	347314	423533	99.6909	120.719	36.1	0.821
NW_026682927.1	1	420859	298059	419984	99.7921	104.62	36	0.593
NW_026682928.1	1	409402	220516	407335	99.4951	79.5372	36	0.361
NW_026682929.1	1	404735	73924	403747	99.7559	26.9297	36	2.61
NW_026682930.1	1	403002	376606	402702	99.9256	138.341	36	1.18
NW_026682931.1	1	400251	225766	399022	99.6929	82.7089	36.1	1.32
NW_026682932.1	1	379196	171083	379037	99.9581	65.6464	36.1	1.09
NW_026682933.1	1	374162	223065	373766	99.8942	88.116	36	1.59
NW_026682934.1	1	365873	347747	365738	99.9631	140.948	36.1	0.739
NW_026682935.1	1	350991	124871	350974	99.9952	52.6511	36.1	0.563
NW_026682936.1	1	346568	127145	344811	99.493	54.3665	36	1.16
NW_026682937.1	1	344970	293561	344957	99.9962	126.187	36	0.754
NW_026682938.1	1	341789	82012	341024	99.7762	35.0279	36	0.687
NW_026682939.1	1	336814	220318	336749	99.9807	96.5235	36	0.709
NW_026682940.1	1	336111	103085	335812	99.911	45.1413	36	0.815
NW_026682941.1	1	328148	57214	327271	99.7327	25.701	35.9	0.773
NW_026682942.1	1	324161	79228	324070	99.9719	36.0107	36	0.481
NW_026682943.1	1	323938	138747	323840	99.9697	63.6423	36	1.46
NW_026682944.1	1	323347	199805	322949	99.8769	91.8129	36	1.86
NW_026682945.1	1	310687	192900	310419	99.9137	91.9183	36	0.901
NW_026682946.1	1	310635	81786	308375	99.2725	37.8852	35.7	1.24
NW_026682947.1	1	310348	164553	310216	99.9575	78.3639	36	0.644
NW_026682948.1	1	310269	52698	308809	99.5294	24.8596	35.9	1.33
NW_026682949.1	1	308774	85761	306578	99.2888	41.0191	36	0.595
NW_026682950.1	1	308227	70967	307853	99.8787	33.858	36	1.02
NW_026682951.1	1	307697	92438	307572	99.9594	44.513	36	1.75
NW_026682952.1	1	306521	75998	306013	99.8343	36.4523	36	0.667
NW_026682953.1	1	304386	80009	303820	99.8141	38.9175	36	0.653
NW_026682954.1	1	303078	101691	302628	99.8515	49.9393	36.1	0.906
NW_026682955.1	1	296903	72436	296472	99.8548	35.9244	36	1.35
NW_026682956.1	1	296466	147291	296161	99.8971	73.4215	35.9	0.991
NW_026682957.1	1	288547	87185	286403	99.257	44.7695	36	1.08
NW_026682958.1	1	284038	63203	283789	99.9123	32.5426	36	0.471
NW_026682959.1	1	280410	136042	280368	99.985	71.4755	35.9	1.09
NW_026682960.1	1	276164	119366	275862	99.8906	63.0675	36	0.667
NW_026682961.1	1	263428	60398	263055	99.8584	33.9449	35.9	1.4
NW_026682962.1	1	261474	48038	259853	99.3801	26.1503	35.7	1.52
NW_026682963.1	1	254301	82177	254024	99.8911	47.4075	36	1.58
NW_026682964.1	1	246999	81175	246839	99.9352	48.2361	35.9	0.902
NW_026682965.1	1	235852	45310	235706	99.9381	28.3377	36	0.498
NW_026682966.1	1	232862	65588	232689	99.9257	41.617	36	1.6
NW_026682967.1	1	229350	63852	229009	99.8513	41.0322	36	0.725
NW_026682968.1	1	227533	53062	227122	99.8194	33.9777	35.9	2.17
NW_026682969.1	1	226238	52737	225248	99.5624	34.564	36	1.23
NW_026682970.1	1	225760	1165848	225170	99.7387	707.361	35	2.23
NW_026682971.1	1	221860	61525	221471	99.8247	40.9081	36	1.42
NW_026682972.1	1	216916	40794	216706	99.9032	27.8283	36	0.822
NW_026682973.1	1	210189	58390	210027	99.9229	40.6911	35.9	1.32
NW_026682974.1	1	209705	47783	207249	98.8288	33.5227	36	0.612
NW_026682975.1	1	206331	46592	206104	99.89	33.2322	36	0.693
NW_026682976.1	1	205952	45438	203248	98.6871	32.3649	36	0.941
NW_026682977.1	1	203882	48222	203768	99.9441	34.994	36	0.593
NW_026682978.1	1	201328	53947	199786	99.2341	39.8113	36	0.818
NW_026682979.1	1	194893	42820	194656	99.8784	31.9362	36	1.42
NW_026682980.1	1	194400	59354	194233	99.9141	45.2899	36	1.39
NW_026682981.1	1	194024	45101	192187	99.0532	34.3731	36	0.355
NW_026682982.1	1	189959	102459	189901	99.9695	79.5478	35.9	1.25
NW_026682983.1	1	189471	55069	188947	99.7234	43.0489	36	0.828
NW_026682984.1	1	188934	28972	188405	99.72	22.7227	36	1.39
NW_026682985.1	1	186855	75220	185812	99.4418	58.1193	36	3.92
NW_026682986.1	1	186346	42431	185818	99.7167	33.1226	36	1.23
NW_026682987.1	1	184095	50654	183110	99.465	40.5922	35.9	1.53
NW_026682988.1	1	179454	40431	179380	99.9588	33.0287	35.9	0.937
NW_026682989.1	1	178544	33117	175960	98.5527	27.2617	35.9	0.683
NW_026682990.1	1	176311	57780	174546	98.9989	48.2291	36	0.69
NW_026682991.1	1	169869	50130	169636	99.8628	43.7255	35.9	1.41
NW_026682992.1	1	164287	43790	164147	99.9148	39.2419	36	0.507
NW_026682993.1	1	163604	64003	163401	99.8759	57.6042	36	0.626
NW_026682994.1	1	163260	42285	162989	99.834	37.8267	35.9	0.577
NW_026682995.1	1	162272	28808	161343	99.4275	26.3318	36	0.915
NW_026682996.1	1	158962	34851	158731	99.8547	32.2628	36	0.929
NW_026682997.1	1	152070	28946	151058	99.3345	28.3202	36.1	0.779
NW_026682998.1	1	150868	35777	150767	99.9331	35.0509	35.9	0.792
NW_026682999.1	1	150054	27281	149370	99.5442	26.7491	36.1	1.29
NW_026683000.1	1	149890	45787	148465	99.0493	44.6616	35.9	1.18
NW_026683001.1	1	147493	59279	147293	99.8644	57.4585	35.9	1.19
NW_026683002.1	1	144873	36925	144629	99.8316	37.8019	36	0.732
NW_026683003.1	1	139343	20062	138574	99.4481	21.1363	35.9	0.464
NW_026683004.1	1	139254	27889	138320	99.3293	28.8936	36	1.21
NW_026683005.1	1	137754	56070	137068	99.502	59.8085	36	1.21
NW_026683006.1	1	137649	62866	137643	99.9956	67.3734	36	1.18
NW_026683007.1	1	137062	39670	136893	99.8767	42.8735	36	0.978
NW_026683008.1	1	133118	26134	131825	99.0287	29.035	36	0.504
NW_026683009.1	1	130521	74058	130197	99.7518	83.8821	36	1.86
NW_026683010.1	1	125703	29759	125604	99.9212	35.0096	36	0.827
NW_026683011.1	1	125425	31723	125023	99.6795	36.8357	36	1.02
NW_026683012.1	1	121330	33942	121041	99.7618	41.4576	35.9	0.62
NW_026683013.1	1	120300	24747	120160	99.8836	30.4051	36	0.623
NW_026683014.1	1	118992	28040	118754	99.8	33.8542	36	0.415
NW_026683015.1	1	118770	25416	116950	98.4676	30.877	36	0.765
NW_026683016.1	1	108421	21640	105912	97.6859	29.4533	36	0.678
NW_026683017.1	1	108012	62640	107989	99.9787	85.9467	36.2	0.946
NW_026683018.1	1	107095	41656	107081	99.9869	57.2084	35.9	0.899
NW_026683019.1	1	104586	36402	104204	99.6348	51.4185	36	0.69
NW_026683020.1	1	100399	23458	100079	99.6813	34.4267	35.9	0.74
NW_026683021.1	1	99111	26652	99093	99.9818	39.5386	35.9	1.52
NW_026683022.1	1	96439	64336	96375	99.9336	98.6957	36.2	1.5
NW_026683023.1	1	94166	23715	94099	99.9288	37.3107	36	0.893
NW_026683024.1	1	91632	20614	91422	99.7708	33.2556	36	1.58
NW_026683025.1	1	85421	28880	85415	99.993	49.7829	35.9	0.997
NW_026683026.1	1	85088	18254	84596	99.4218	31.6463	36	1.09
NW_026683027.1	1	84548	9439	69486	82.1853	16.1507	36	3.2
NW_026683028.1	1	82706	19690	81307	98.3085	34.7408	36	0.882
NW_026683029.1	1	81984	21021	81921	99.9232	37.8426	36	0.824
NW_026683030.1	1	81046	11412	80026	98.7415	20.6763	35.9	1.06
NW_026683031.1	1	80524	25063	80369	99.8075	45.829	36	0.18
NW_026683032.1	1	79562	34467	79171	99.5086	63.1044	35.9	1.13
NW_026683033.1	1	77631	25791	77462	99.7823	49.2945	36	1.61
NW_026683034.1	1	75284	56671	74914	99.5085	111.892	36	0.594
NW_026683035.1	1	73269	37499	72485	98.93	75.5846	36	0.827
NW_026683036.1	1	71914	34684	71685	99.6816	71.2795	35.9	0.561
NW_026683037.1	1	70703	22362	68302	96.6041	46.2022	35.9	0.631
NW_026683038.1	1	69202	18312	68276	98.6619	39.1482	36	1.16
NW_026683039.1	1	69028	13925	67415	97.6633	29.7199	36	2
NW_026683040.1	1	68601	12109	68146	99.3367	26.2416	36	0.612
NW_026683041.1	1	66938	17325	66425	99.2336	37.1423	36	1.64
NW_026683042.1	1	65971	13778	65566	99.3861	30.6993	36	0.953
NW_026683043.1	1	65959	24983	65708	99.6195	55.568	36	1.25
NW_026683044.1	1	65834	11506	65502	99.4957	25.3997	36	0.566
NW_026683045.1	1	65134	14303	63246	97.1014	31.9037	36	0.429
NW_026683046.1	1	64335	14200	63974	99.4389	25.6539	32.8	17.2
NW_026683047.1	1	64233	27322	63072	98.1925	63.1024	36	0.929
NW_026683048.1	1	62791	15346	61460	97.8803	33.4555	36	0.846
NW_026683049.1	1	62475	21206	62456	99.9696	49.7444	36	0.744
NW_026683050.1	1	62429	10403	61832	99.0437	24.1736	36	0.722
NW_026683051.1	1	61564	27622	59187	96.139	66.7394	36	0.59
NW_026683052.1	1	61412	10854	61012	99.3487	26.1528	36	0.207
NW_026683053.1	1	60466	15660	57329	94.812	38.1307	36	1.06
NW_026683054.1	1	58682	10137	55383	94.3782	25.3917	36	0.582
NW_026683055.1	1	55831	33974	54595	97.7862	87.9408	36.2	1.57
NW_026683056.1	1	55749	33677	55724	99.9552	89.5603	36	1.97
NW_026683057.1	1	55351	14362	55325	99.953	33.0536	33.7	34.6
NW_026683058.1	1	52312	16411	51632	98.7001	46.1109	35.9	0.547
NW_026683059.1	1	52229	18687	52042	99.642	53.0741	35.9	0.966
NW_026683060.1	1	52118	8977	51981	99.7371	25.4133	35.8	1.17
NW_026683061.1	1	52060	17428	52038	99.9577	49.1406	35.9	1.57
NW_026683062.1	1	52003	10265	51936	99.8712	28.6187	36	0.694
NW_026683063.1	1	50645	16779	50623	99.9566	48.9936	36	1.44
NW_026683064.1	1	50252	6995	49542	98.5871	20.4526	36	0.509
NW_026683065.1	1	49028	10812	46298	94.4318	32.1672	35.9	0.77
NW_026683066.1	1	48714	11388	48590	99.7455	34.4566	35.9	0.99
NW_026683067.1	1	47736	13585	45998	96.3591	41.2543	35.9	0.202
NW_026683068.1	1	46937	17236	45365	96.6508	53.7877	36.1	0.557
NW_026683069.1	1	45749	13227	45665	99.8164	42.3953	35.9	0.628
NW_026683070.1	1	45345	9257	45006	99.2524	30.1369	36.1	0.444
NW_026683071.1	1	44895	21910	42970	95.7122	72.3079	36	1.31
NW_026683072.1	1	44072	16863	42325	96.036	55.1632	36	0.611
NW_026683073.1	1	43535	10742	43071	98.9342	36.5395	36	0.305
NW_026683074.1	1	43040	17815	42848	99.5539	52.9089	35.5	1.41
NW_026683075.1	1	42669	7884	42544	99.707	27.2613	36	0.654
NW_026683076.1	1	42178	14832	42139	99.9075	51.6348	36	0.834
NW_026683077.1	1	41675	13060	39456	94.6755	35.2999	32.4	12.9
NW_026683078.1	1	41324	9210	38723	93.7058	32.8001	36	0.28
NW_026683079.1	1	41301	13161	41011	99.2978	46.9062	35.8	1.14
NW_026683080.1	1	40789	11308	36732	90.0537	39.7551	35.9	0.928
NW_026683081.1	1	38968	128072	38168	97.947	229.54	28.1	8.22
NW_026683082.1	1	36721	8208	35925	97.8323	32.7654	36	1.25
NW_026683083.1	1	36472	6192	36002	98.7113	19.2502	34.1	43.9
NW_026683084.1	1	36377	20707	32311	88.8226	81.9187	36.1	3.24
NW_026683085.1	1	35925	10964	34818	96.9186	44.4683	36.1	0.969
NW_026683086.1	1	35909	11653	35879	99.9165	48.0196	36	1.1
NW_026683087.1	1	35735	4659	35204	98.5141	17.3359	34.4	41.1
NW_026683088.1	1	35214	6700	35099	99.6734	28.1965	36.1	0.6
NW_026683089.1	1	34286	7102	33925	98.9471	30.4774	36	1.8
NW_026683090.1	1	34269	6336	33718	98.3921	27.1744	36	1.15
NW_026683091.1	1	33732	8125	33532	99.4071	35.8667	36	0.567
NW_026683092.1	1	32955	17450	32861	99.7148	78.5203	36.2	0.297
NW_026683093.1	1	32854	7169	32399	98.6151	32.3167	36	1.17
NW_026683094.1	1	32845	10011	32833	99.9635	45.0643	36	0.275
NW_026683095.1	1	32087	6520	31405	97.8745	29.8808	36.1	0.513
NW_026683096.1	1	31237	10867	31139	99.6863	49.1243	35.9	0.745
NW_026683097.1	1	31141	10131	31119	99.9294	48.1545	35.9	0.409
NW_026683098.1	1	30990	6489	30977	99.9581	31.0835	36	0.156
NW_026683099.1	1	30366	4540	29945	98.6136	22.0856	36	0.461
NW_026683100.1	1	30044	7046	29447	98.0129	32.388	36	0.343
NW_026683101.1	1	29693	6524	29664	99.9023	31.393	35.9	0.71
NW_026683102.1	1	29629	3959	27889	94.1274	15.6573	34.2	46.9
NW_026683103.1	1	28846	7169	28705	99.5112	36.6943	35.9	0.969
NW_026683104.1	1	28730	5170	28652	99.7285	20.808	33.8	46.6
NW_026683105.1	1	28400	9215	28377	99.919	48.2887	36	0.44
NW_026683106.1	1	28033	6895	28014	99.9322	36.2831	36	1.1
NW_026683107.1	1	27095	5024	27049	99.8302	27.282	35.9	0.722
NW_026683108.1	1	26824	3409	26250	97.8601	14.8903	33.9	51.4
NW_026683109.1	1	26596	4971	26035	97.8907	27.2856	36	0.505
NW_026683110.1	1	26374	5429	26085	98.9042	29.6914	35.8	0.561
NW_026683111.1	1	26287	8706	25848	98.33	49.0953	35.9	0.559
NW_026683112.1	1	26282	4398	26161	99.5396	24.5516	36	1.15
NW_026683113.1	1	25938	4395	25846	99.6453	25.0744	35.9	59.7
NW_026683114.1	1	25894	5101	23533	90.8821	26.9981	35.9	0.659
NW_026683115.1	1	25640	5645	25586	99.7894	32.798	36	0.609
NW_026683116.1	1	24340	4568	22305	91.6393	25.4431	35.8	1.12
NW_026683117.1	1	23186	3435	22512	97.0931	21.8702	36	0.919
NW_026683118.1	1	22467	6994	22294	99.23	45.1844	36	0.965
NW_026683119.1	1	22311	3590	21520	96.4547	20.2587	34.1	50.7
NW_026683120.1	1	21962	6053	21893	99.6858	40.688	36.1	1.9
NW_026683121.1	1	21358	14950	21340	99.9157	102.768	35.8	0.697
NW_026683122.1	1	16057	1377	16038	99.8817	12.7179	36.1	11.8
NW_026683123.1	1	14639	2305	14639	100	22.2801	35.4	50
NW_026683124.1	1	4956352	1150690	4632442	93.4647	33.7009	36.1	16.3
NW_026683125.1	1	2228489	492835	2223796	99.7894	32.0085	35.8	3.02
NW_026683126.1	1	2115927	359158	2033265	96.0933	23.5277	35.7	1.88
NW_026683127.1	1	2060080	422984	2048397	99.4329	29.3284	35.8	1.48
NW_026683128.1	1	1903574	390306	1890577	99.3172	29.2032	35.8	1.81
NW_026683129.1	1	1592456	800307	1591699	99.9525	73.6937	36.1	18.3
NW_026683130.1	1	1306673	518586	1305993	99.948	58.2009	35.9	3.25
NW_026683131.1	1	1234076	859464	1231205	99.7674	102.629	35.9	1.44
NW_026683132.1	1	1186437	696327	1185707	99.9385	86.2763	35.9	2.56
NW_026683133.1	1	1170172	728944	1166393	99.6771	91.3133	35.9	2.44
NW_026683134.1	1	1066317	133375	1064034	99.7859	18.1244	35.8	0.524
NW_026683135.1	1	982204	168448	980520	99.8285	25.1535	35.9	1.83
NW_026683136.1	1	976125	578993	975585	99.9447	87.364	36	1.74
NW_026683137.1	1	928298	444467	926857	99.8448	70.9245	36	1.42
NW_026683138.1	1	915362	125411	905736	98.9484	19.5434	35.7	1.47
NW_026683139.1	1	890228	79305	495274	55.6345	13.1095	36	1.21
NW_026683140.1	1	878407	146633	854349	97.2612	22.9947	35.7	0.978
NW_026683141.1	1	807966	251709	807286	99.9158	44.0884	35.8	2.87
NW_026683142.1	1	763647	147123	762083	99.7952	28.1797	36	2.4
NW_026683143.1	1	761708	233962	760713	99.8694	45.0425	36.1	1.96
NW_026683144.1	1	752069	189351	750848	99.8376	36.4849	35.9	0.557
