#rname	startpos	endpos	numreads	covbases	coverage	meandepth	meanbaseq	meanmapq
NC_080633.1	1	155447619	6351741	153953079	99.0386	9.3088	35	56.4
NC_080634.1	1	120722141	4892723	119311549	98.8315	9.29416	35	55.4
NC_080635.1	1	115508148	4562925	114334497	98.9839	9.04984	35	58
NC_080636.1	1	76633907	3190247	75857163	98.9864	9.51301	35	53.9
NC_080637.1	1	74723840	3060672	73848330	98.8283	9.37348	35	55.2
NC_080638.1	1	65395694	2979332	64624610	98.8209	10.2767	35	49.9
NC_080639.1	1	40159020	1692804	39738181	98.9521	9.66307	35	54.1
NC_080640.1	1	39623761	1790728	38927982	98.244	10.2405	35	49.2
NC_080641.1	1	36565514	1854324	35259184	96.4274	11.5269	35	47.6
NC_080642.1	1	27615464	1150339	27322174	98.938	9.50357	35	54.7
NC_080643.1	1	22630956	1049720	22375569	98.8715	10.5646	35.1	50.4
NC_080644.1	1	22262677	1370521	20498017	92.0735	13.6765	35.1	32.5
NC_080645.1	1	21551278	896547	21295726	98.8142	9.472	35	55.9
NC_080646.1	1	21049297	960026	20874154	99.1679	10.3979	35.1	54.3
NC_080647.1	1	20566687	935608	20379696	99.0908	10.3568	35.1	51.6
NC_080648.1	1	19511261	848321	19246786	98.6445	9.85279	35.1	52.7
NC_080649.1	1	18006652	848451	17869657	99.2392	10.7138	35.1	51.3
NC_080650.1	1	14921164	616990	14766648	98.9645	9.34122	35.1	56.2
NC_080651.1	1	12555122	531412	12375718	98.5711	9.47704	35.1	55.3
NC_080652.1	1	12239593	550399	12111206	98.9511	9.81186	35	52.4
NC_080653.1	1	12036358	521097	11871349	98.6291	9.73487	35.1	52.5
NC_080654.1	1	9592563	479765	9414632	98.1451	11.187	35	43.4
NC_080655.1	1	8416863	449945	8071616	95.8982	10.895	34.5	38.9
NC_080656.1	1	8296844	370006	8172847	98.5055	9.87271	35	53.5
NC_080657.1	1	7670679	327920	7546941	98.3869	9.3496	35	53.9
NC_080658.1	1	7190956	352522	7048118	98.0136	10.1701	34.8	41.9
NC_080659.1	1	6772285	305164	6642823	98.0884	9.62792	35	46.8
NC_080660.1	1	6625760	404121	6321675	95.4106	11.8381	34.7	33.4
NC_080661.1	1	5159369	381521	4837872	93.7687	15.3064	35	23.6
NC_080662.1	1	4987572	210369	4853985	97.3216	8.87991	34.8	53.2
NC_080663.1	1	4462882	237467	4231544	94.8164	10.7318	34.9	33.9
NC_080664.1	1	3987155	203423	3879918	97.3104	10.1225	34.8	33.5
NC_080665.1	1	3511113	240576	3434263	97.8112	15.1207	35.1	19
NC_080666.1	1	2644149	323928	2569657	97.1828	24.6443	35	26.7
NC_080667.1	1	2575056	168096	2524654	98.0427	12.1065	34.8	27.8
NC_080668.1	1	21546180	140625	3521493	16.3439	1.2565	35	14.2
NC_080669.1	1	89147626	3666982	86521571	97.0543	9.34004	35	50
NW_026683182.1	1	233636	35322	225260	96.4149	33.9836	35	1.12
NW_026683183.1	1	222717	53418	216824	97.354	53.455	35.1	2.02
NW_026683184.1	1	210713	16640	199259	94.5642	17.7468	34.8	1.07
NW_026683185.1	1	28662	2235	28345	98.894	17.7562	35.2	37.3
NW_026683186.1	1	991617	68601	972363	98.0583	14.954	34.9	6.31
NW_026683187.1	1	4516909	1046333	4487863	99.3569	51.3769	34.8	3.68
NW_026683188.1	1	4117062	284727	3875210	94.1256	14.6193	34.7	16.7
NW_026683189.1	1	3129419	1029963	3113773	99.5	73.9818	34.8	8.28
NW_026683190.1	1	2445016	325702	2416493	98.8334	29.5287	34.8	3.41
NW_026683191.1	1	2162463	457430	2138969	98.9136	46.5863	35.1	4.42
NW_026683192.1	1	2091851	242534	2062416	98.5929	26.3092	35.1	20.2
NW_026683193.1	1	2024811	123225	1913651	94.5101	13.449	35.1	16.2
NW_026683194.1	1	1508116	98193	1271685	84.3228	14.6696	34.8	2.67
NW_026683195.1	1	1446652	181810	1429135	98.7891	21.8695	33.2	2.47
NW_026683196.1	1	1315579	79651	1210095	91.9819	13.4197	34.9	13.9
NW_026683197.1	1	1181476	141144	1173717	99.3433	27.4136	34.9	2.35
NW_026683198.1	1	1067410	164838	1066107	99.8779	35.6249	34.8	3.91
NW_026683199.1	1	1037885	120272	1035248	99.7459	26.603	34.9	2.16
NW_026683200.1	1	1022493	291021	1015514	99.3175	63.7704	35.2	1.03
NW_026683201.1	1	989550	112008	984392	99.4788	25.8249	34.9	1.9
NW_026683202.1	1	973116	70924	964429	99.1073	16.5366	34.9	2.77
NW_026683203.1	1	921264	45754	868343	94.2556	11.1223	34.8	2.77
NW_026683204.1	1	912953	50856	894301	97.957	12.5443	34.8	3.17
NW_026683205.1	1	792231	44938	784174	98.983	12.9454	34.9	4.38
NW_026683206.1	1	702247	86914	701240	99.8566	28.408	34.9	2.09
NW_026683207.1	1	677195	142967	662357	97.8089	47.0431	35.2	3.03
NW_026683208.1	1	655782	30314	594371	90.6355	9.31801	34.9	1.82
NW_026683209.1	1	588151	31320	566813	96.372	11.924	34.8	2.02
NW_026683210.1	1	581605	37286	578187	99.4123	14.5905	34.9	3.88
NW_026683211.1	1	532300	36294	526249	98.8632	15.5769	34.9	3.51
NW_026683212.1	1	526608	40542	517960	98.3578	17.5928	34.9	2.52
NW_026683213.1	1	486856	45279	478042	98.1896	20.7905	34.9	1.09
NW_026683214.1	1	481963	25851	453265	94.0456	11.1546	34.8	1.83
NW_026683215.1	1	451840	12958	370463	81.9899	6.07089	34.8	1.7
NW_026683216.1	1	398006	14668	377432	94.8307	8.17542	34.9	1.32
NW_026683217.1	1	395172	18951	386204	97.7306	10.7405	34.9	3.58
NW_026683218.1	1	390805	19070	362165	92.6715	10.5422	34.9	2.49
NW_026683219.1	1	387931	51560	384221	99.0436	30.5941	34.9	2.66
NW_026683220.1	1	307818	25174	305492	99.2444	18.6831	34.9	3.38
NW_026683221.1	1	242267	25789	239136	98.7076	24.1529	34.9	1.95
